 lambda (nm)	ratio	error

  270.0000    0.6613    0.0099
  275.0000    0.6745    0.0095
  280.0000    0.6996    0.0099
  285.0000    0.7053    0.0086
  290.0000    0.7116    0.0081
  295.0000    0.7263    0.0080
  300.0000    0.7327    0.0075
  305.0000    0.7307    0.0073
  310.0000    0.7323    0.0064
  315.0000    0.7422    0.0078
  320.0000    0.7560    0.0096
  325.0000    0.7504    0.0079
  330.0000    0.7611    0.0090
  335.0000    0.7685    0.0083
  340.0000    0.7652    0.0083
  345.0000    0.7688    0.0077
  350.0000    0.7817    0.0083
  355.0000    0.7678    0.0083
  360.0000    0.7646    0.0066
  365.0000    0.7674    0.0073
  370.0000    0.7723    0.0083
  375.0000    0.7670    0.0074
  380.0000    0.7639    0.0070
  385.0000    0.7614    0.0060
  390.0000    0.7557    0.0063
  395.0000    0.7548    0.0061
  400.0000    0.7624    0.0060
  405.0000    0.7549    0.0054
  410.0000    0.7571    0.0060
  415.0000    0.7538    0.0050
  420.0000    0.7596    0.0034
  425.0000    0.7572    0.0032
  430.0000    0.7485    0.0045
  435.0000    0.7530    0.0041
  440.0000    0.7527    0.0037
  445.0000    0.7521    0.0034
  450.0000    0.7518    0.0045
  455.0000    0.7486    0.0047
  460.0000    0.7557    0.0032
  465.0000    0.7455    0.0044
  470.0000    0.7440    0.0043
  475.0000    0.7448    0.0047
  480.0000    0.7435    0.0042
       NaN    0.7950    0.0023
       NaN    0.7595    0.0029
  495.0000    0.7400    0.0047
  500.0000    0.7435    0.0055
  505.0000    0.7405    0.0064
  510.0000    0.7431    0.0060
  515.0000    0.7470    0.0063
  520.0000    0.7432    0.0058
  525.0000    0.7438    0.0053
  530.0000    0.7427    0.0035
  535.0000    0.7430    0.0046
  540.0000    0.7448    0.0048
  545.0000    0.7498    0.0059
  550.0000    0.7571    0.0082
  555.0000    0.7574    0.0090
  560.0000    0.7488    0.0094
  565.0000    0.7517    0.0081
  570.0000    0.7552    0.0086
  575.0000    0.7537    0.0081
  580.0000    0.7617    0.0109
  585.0000    0.7645    0.0124
  590.0000    0.7551    0.0116
  595.0000    0.7547    0.0100
  600.0000    0.7535    0.0108
  605.0000    0.7484    0.0089
  610.0000    0.7513    0.0113
  615.0000    0.7566    0.0142
  620.0000    0.7565    0.0129
  625.0000    0.7518    0.0121
  630.0000    0.7618    0.0143
  635.0000    0.7602    0.0141
  640.0000    0.7666    0.0157
  645.0000    0.7529    0.0154
  650.0000    0.7805    0.0163
  655.0000    0.7628    0.0172
  660.0000    0.7733    0.0156
  665.0000    0.7900    0.0199
  670.0000    0.7773    0.0177
  675.0000    0.7908    0.0201
