c =  0.1 mg/L

lambda	1cm_cuvette_ratio dual_line_ratio

  230.0000    1.0062    1.4628
  231.0000    1.0059    1.4422
  232.0000    1.0057    1.4254
  233.0000    1.0055    1.4121
  234.0000    1.0054    1.4022
  235.0000    1.0053    1.3960
  236.0000    1.0053    1.3936
  237.0000    1.0053    1.3943
  238.0000    1.0053    1.3983
  239.0000    1.0054    1.4051
  240.0000    1.0055    1.4138
  241.0000    1.0057    1.4238
  242.0000    1.0058    1.4349
  243.0000    1.0060    1.4463
  244.0000    1.0061    1.4580
  245.0000    1.0063    1.4709
  246.0000    1.0065    1.4842
  247.0000    1.0066    1.4975
  248.0000    1.0068    1.5098
  249.0000    1.0069    1.5213
  250.0000    1.0071    1.5314
  251.0000    1.0072    1.5406
  252.0000    1.0073    1.5487
  253.0000    1.0074    1.5577
  254.0000    1.0076    1.5679
  255.0000    1.0077    1.5800
  256.0000    1.0079    1.5941
  257.0000    1.0081    1.6094
  258.0000    1.0083    1.6248
  259.0000    1.0085    1.6389
  260.0000    1.0086    1.6506
  261.0000    1.0087    1.6593
  262.0000    1.0088    1.6648
  263.0000    1.0088    1.6657
  264.0000    1.0087    1.6605
  265.0000    1.0086    1.6487
  266.0000    1.0084    1.6306
  267.0000    1.0081    1.6089
  268.0000    1.0078    1.5858
  269.0000    1.0075    1.5626
  270.0000    1.0072    1.5393
  271.0000    1.0069    1.5155
  272.0000    1.0065    1.4896
  273.0000    1.0062    1.4614
  274.0000    1.0058    1.4319
  275.0000    1.0054    1.4020
  276.0000    1.0050    1.3725
  277.0000    1.0046    1.3438
  278.0000    1.0043    1.3166
  279.0000    1.0039    1.2901
  280.0000    1.0036    1.2641
  281.0000    1.0032    1.2391
  282.0000    1.0029    1.2149
  283.0000    1.0026    1.1919
  284.0000    1.0023    1.1692
  285.0000    1.0020    1.1476
  286.0000    1.0017    1.1275
  287.0000    1.0015    1.1095
  288.0000    1.0013    1.0932
  289.0000    1.0011    1.0791
  290.0000    1.0009    1.0670
  291.0000    1.0008    1.0567
  292.0000    1.0007    1.0481
  293.0000    1.0006    1.0419
  294.0000    1.0005    1.0372
  295.0000    1.0005    1.0336
  296.0000    1.0004    1.0313
  297.0000    1.0004    1.0301
  298.0000    1.0004    1.0297
  299.0000    1.0004    1.0301
  300.0000    1.0004    1.0314
  301.0000    1.0004    1.0327
  302.0000    1.0005    1.0346
  303.0000    1.0005    1.0369
  304.0000    1.0005    1.0395
  305.0000    1.0006    1.0424
  306.0000    1.0006    1.0454
  307.0000    1.0007    1.0483
  308.0000    1.0007    1.0516
  309.0000    1.0007    1.0548
  310.0000    1.0008    1.0583
  311.0000    1.0008    1.0617
  312.0000    1.0009    1.0651
  313.0000    1.0009    1.0686
  314.0000    1.0010    1.0721
  315.0000    1.0010    1.0759
  316.0000    1.0011    1.0796
  317.0000    1.0011    1.0835
  318.0000    1.0012    1.0871
  319.0000    1.0012    1.0912
  320.0000    1.0013    1.0949
  321.0000    1.0013    1.0990
  322.0000    1.0014    1.1030
  323.0000    1.0015    1.1070
  324.0000    1.0015    1.1108
  325.0000    1.0016    1.1146
  326.0000    1.0016    1.1181
  327.0000    1.0017    1.1216
  328.0000    1.0017    1.1251
  329.0000    1.0017    1.1279
  330.0000    1.0018    1.1309
  331.0000    1.0018    1.1336
  332.0000    1.0018    1.1362
  333.0000    1.0019    1.1385
  334.0000    1.0019    1.1406
  335.0000    1.0019    1.1426
  336.0000    1.0020    1.1444
  337.0000    1.0020    1.1460
  338.0000    1.0020    1.1473
  339.0000    1.0020    1.1487
  340.0000    1.0020    1.1499
  341.0000    1.0020    1.1509
  342.0000    1.0021    1.1518
  343.0000    1.0021    1.1524
  344.0000    1.0021    1.1528
  345.0000    1.0021    1.1531
  346.0000    1.0021    1.1533
  347.0000    1.0021    1.1532
  348.0000    1.0021    1.1531
  349.0000    1.0021    1.1524
  350.0000    1.0021    1.1516
  351.0000    1.0020    1.1508
  352.0000    1.0020    1.1501
  353.0000    1.0020    1.1491
  354.0000    1.0020    1.1480
  355.0000    1.0020    1.1470
  356.0000    1.0020    1.1461
  357.0000    1.0020    1.1450
  358.0000    1.0020    1.1444
  359.0000    1.0020    1.1444
  360.0000    1.0020    1.1445
  361.0000    1.0020    1.1443
  362.0000    1.0020    1.1447
  363.0000    1.0020    1.1456
  364.0000    1.0020    1.1463
  365.0000    1.0020    1.1461
  366.0000    1.0020    1.1444
  367.0000    1.0019    1.1416
  368.0000    1.0019    1.1390
  369.0000    1.0019    1.1380
  370.0000    1.0019    1.1381
  371.0000    1.0019    1.1379
  372.0000    1.0019    1.1370
  373.0000    1.0018    1.1358
  374.0000    1.0018    1.1347
  375.0000    1.0018    1.1329
  376.0000    1.0018    1.1311
  377.0000    1.0018    1.1291
  378.0000    1.0017    1.1275
  379.0000    1.0017    1.1261
  380.0000    1.0017    1.1245
  381.0000    1.0017    1.1231
  382.0000    1.0016    1.1214
  383.0000    1.0016    1.1199
  384.0000    1.0016    1.1186
  385.0000    1.0016    1.1178
  386.0000    1.0016    1.1168
  387.0000    1.0016    1.1161
  388.0000    1.0016    1.1152
  389.0000    1.0016    1.1146
  390.0000    1.0015    1.1138
  391.0000    1.0015    1.1135
  392.0000    1.0015    1.1133
  393.0000    1.0015    1.1129
  394.0000    1.0015    1.1125
  395.0000    1.0015    1.1121
  396.0000    1.0015    1.1123
  397.0000    1.0015    1.1124
  398.0000    1.0015    1.1124
  399.0000    1.0015    1.1127
  400.0000    1.0015    1.1124
  401.0000    1.0015    1.1127
  402.0000    1.0015    1.1130
  403.0000    1.0015    1.1128
  404.0000    1.0015    1.1123
  405.0000    1.0015    1.1131
  406.0000    1.0015    1.1128
  407.0000    1.0015    1.1126
  408.0000    1.0015    1.1125
  409.0000    1.0015    1.1125
  410.0000    1.0015    1.1121
  411.0000    1.0015    1.1114
  412.0000    1.0015    1.1110
  413.0000    1.0015    1.1105
  414.0000    1.0015    1.1095
  415.0000    1.0015    1.1088
  416.0000    1.0015    1.1083
  417.0000    1.0015    1.1081
  418.0000    1.0015    1.1080
  419.0000    1.0015    1.1076
  420.0000    1.0015    1.1077
  421.0000    1.0015    1.1081
  422.0000    1.0015    1.1086
  423.0000    1.0015    1.1089
  424.0000    1.0015    1.1095
  425.0000    1.0015    1.1103
  426.0000    1.0015    1.1114
  427.0000    1.0015    1.1129
  428.0000    1.0015    1.1141
  429.0000    1.0016    1.1160
  430.0000    1.0016    1.1180
  431.0000    1.0016    1.1192
  432.0000    1.0016    1.1205
  433.0000    1.0017    1.1227
  434.0000    1.0017    1.1254
  435.0000    1.0017    1.1269
  436.0000    1.0017    1.1290
  437.0000    1.0018    1.1310
  438.0000    1.0018    1.1329
  439.0000    1.0018    1.1346
  440.0000    1.0018    1.1356
  441.0000    1.0019    1.1374
  442.0000    1.0019    1.1388
  443.0000    1.0019    1.1393
  444.0000    1.0019    1.1397
  445.0000    1.0019    1.1403
  446.0000    1.0019    1.1405
  447.0000    1.0019    1.1407
  448.0000    1.0019    1.1404
  449.0000    1.0019    1.1398
  450.0000    1.0019    1.1391
  451.0000    1.0019    1.1382
  452.0000    1.0019    1.1373
  453.0000    1.0018    1.1359
  454.0000    1.0018    1.1350
  455.0000    1.0018    1.1336
  456.0000    1.0018    1.1324
  457.0000    1.0018    1.1311
  458.0000    1.0018    1.1297
  459.0000    1.0017    1.1286
  460.0000    1.0017    1.1269
  461.0000    1.0017    1.1261
  462.0000    1.0017    1.1250
  463.0000    1.0017    1.1243
  464.0000    1.0017    1.1233
  465.0000    1.0017    1.1220
  466.0000    1.0016    1.1208
  467.0000    1.0016    1.1196
  468.0000    1.0016    1.1190
  469.0000    1.0016    1.1178
  470.0000    1.0016    1.1166
  471.0000    1.0016    1.1152
  472.0000    1.0015    1.1136
  473.0000    1.0015    1.1116
  474.0000    1.0015    1.1088
  475.0000    1.0014    1.1063
  476.0000    1.0014    1.1033
  477.0000    1.0014    1.0996
  478.0000    1.0013    1.0966
  479.0000    1.0013    1.0924
  480.0000    1.0012    1.0884
  481.0000    1.0011    1.0841
  482.0000    1.0011    1.0794
  483.0000    1.0010    1.0750
  484.0000    1.0010    1.0702
  485.0000    1.0009    1.0650
  486.0000    1.0008    1.0586
  487.0000    1.0007    1.0530
  488.0000    1.0007    1.0492
  489.0000    1.0006    1.0458
  490.0000    1.0006    1.0421
  491.0000    1.0005    1.0376
  492.0000    1.0005    1.0339
  493.0000    1.0004    1.0298
  494.0000    1.0004    1.0265
  495.0000    1.0003    1.0235
  496.0000    1.0003    1.0203
  497.0000    1.0002    1.0175
  498.0000    1.0002    1.0150
  499.0000    1.0002    1.0131
  500.0000    1.0001    1.0109
  501.0000    1.0001    1.0090
  502.0000    1.0001    1.0077
  503.0000    1.0001    1.0063
  504.0000    1.0001    1.0050
  505.0000    1.0001    1.0045
  506.0000    1.0000    1.0035
  507.0000    1.0000    1.0027
  508.0000    1.0000    1.0024
  509.0000    1.0000    1.0023
  510.0000    1.0000    1.0015
  511.0000    1.0000    1.0014
  512.0000    1.0000    1.0011
  513.0000    1.0000    1.0009
  514.0000    1.0000    1.0009
  515.0000    1.0000    1.0012
  516.0000    1.0000    1.0012
  517.0000    1.0000    1.0010
  518.0000    1.0000    1.0011
  519.0000    1.0000    1.0013
  520.0000    1.0000    1.0014
  521.0000    1.0000    1.0016
  522.0000    1.0000    1.0016
  523.0000    1.0000    1.0018
  524.0000    1.0000    1.0020
  525.0000    1.0000    1.0020
  526.0000    1.0000    1.0018
  527.0000    1.0000    1.0021
  528.0000    1.0000    1.0020
  529.0000    1.0000    1.0021
  530.0000    1.0000    1.0024
  531.0000    1.0000    1.0024
  532.0000    1.0000    1.0023
  533.0000    1.0000    1.0026
  534.0000    1.0000    1.0023
  535.0000    1.0000    1.0025
  536.0000    1.0000    1.0024
  537.0000    1.0000    1.0026
  538.0000    1.0000    1.0029
  539.0000    1.0000    1.0028
  540.0000    1.0000    1.0028
  541.0000    1.0000    1.0028
  542.0000    1.0000    1.0028
  543.0000    1.0000    1.0028
  544.0000    1.0000    1.0029
  545.0000    1.0000    1.0031
  546.0000    1.0000    1.0027
  547.0000    1.0000    1.0031
  548.0000    1.0000    1.0030
  549.0000    1.0000    1.0029
  550.0000    1.0000    1.0030
  551.0000    1.0000    1.0033
  552.0000    1.0000    1.0032
  553.0000    1.0000    1.0032
  554.0000    1.0000    1.0034
  555.0000    1.0000    1.0034
  556.0000    1.0000    1.0036
  557.0000    1.0000    1.0032
  558.0000    1.0000    1.0032
  559.0000    1.0000    1.0035
  560.0000    1.0001    1.0038
  561.0000    1.0001    1.0037
  562.0000    1.0000    1.0033
  563.0000    1.0000    1.0034
  564.0000    1.0001    1.0039
  565.0000    1.0001    1.0037
  566.0000    1.0000    1.0036
  567.0000    1.0000    1.0035
  568.0000    1.0000    1.0034
  569.0000    1.0000    1.0032
  570.0000    1.0000    1.0031
  571.0000    1.0000    1.0026
  572.0000    1.0000    1.0023
  573.0000    1.0000    1.0022
  574.0000    1.0000    1.0026
  575.0000    1.0000    1.0022
  576.0000    1.0000    1.0021
  577.0000    1.0000    1.0020
  578.0000    1.0000    1.0024
  579.0000    1.0000    1.0022
  580.0000    1.0000    1.0020
  581.0000    1.0000    1.0020
  582.0000    1.0000    1.0023
  583.0000    1.0000    1.0027
  584.0000    1.0000    1.0023
  585.0000    1.0000    1.0027
  586.0000    1.0000    1.0021
  587.0000    1.0000    1.0021
  588.0000    1.0000    1.0024
  589.0000    1.0000    1.0025
  590.0000    1.0000    1.0029
  591.0000    1.0000    1.0033
  592.0000    1.0000    1.0032
  593.0000    1.0000    1.0030
  594.0000    1.0000    1.0027
  595.0000    1.0000    1.0026
  596.0000    1.0000    1.0031
  597.0000    1.0000    1.0032
  598.0000    1.0000    1.0031
  599.0000    1.0000    1.0031
  600.0000    1.0000    1.0029

c =  0.5 mg/L

230.0000    1.0313    3.5489
  231.0000    1.0299    3.4249
  232.0000    1.0288    3.3247
  233.0000    1.0279    3.2461
  234.0000    1.0272    3.1877
  235.0000    1.0268    3.1512
  236.0000    1.0267    3.1369
  237.0000    1.0267    3.1413
  238.0000    1.0270    3.1644
  239.0000    1.0274    3.2045
  240.0000    1.0280    3.2559
  241.0000    1.0287    3.3156
  242.0000    1.0294    3.3813
  243.0000    1.0302    3.4493
  244.0000    1.0310    3.5197
  245.0000    1.0318    3.5976
  246.0000    1.0327    3.6781
  247.0000    1.0336    3.7594
  248.0000    1.0345    3.8349
  249.0000    1.0352    3.9051
  250.0000    1.0359    3.9679
  251.0000    1.0365    4.0247
  252.0000    1.0371    4.0750
  253.0000    1.0377    4.1312
  254.0000    1.0383    4.1951
  255.0000    1.0391    4.2713
  256.0000    1.0401    4.3604
  257.0000    1.0411    4.4575
  258.0000    1.0421    4.5560
  259.0000    1.0431    4.6467
  260.0000    1.0439    4.7226
  261.0000    1.0444    4.7789
  262.0000    1.0448    4.8143
  263.0000    1.0449    4.8200
  264.0000    1.0445    4.7864
  265.0000    1.0437    4.7098
  266.0000    1.0425    4.5935
  267.0000    1.0411    4.4545
  268.0000    1.0395    4.3079
  269.0000    1.0380    4.1619
  270.0000    1.0364    4.0168
  271.0000    1.0348    3.8699
  272.0000    1.0331    3.7112
  273.0000    1.0312    3.5400
  274.0000    1.0292    3.3638
  275.0000    1.0272    3.1865
  276.0000    1.0252    3.0138
  277.0000    1.0233    2.8476
  278.0000    1.0215    2.6918
  279.0000    1.0197    2.5419
  280.0000    1.0179    2.3963
  281.0000    1.0162    2.2573
  282.0000    1.0146    2.1243
  283.0000    1.0130    1.9989
  284.0000    1.0115    1.8768
  285.0000    1.0100    1.7612
  286.0000    1.0087    1.6551
  287.0000    1.0075    1.5605
  288.0000    1.0063    1.4753
  289.0000    1.0054    1.4023
  290.0000    1.0046    1.3399
  291.0000    1.0039    1.2871
  292.0000    1.0033    1.2432
  293.0000    1.0029    1.2115
  294.0000    1.0025    1.1873
  295.0000    1.0023    1.1692
  296.0000    1.0021    1.1574
  297.0000    1.0021    1.1516
  298.0000    1.0020    1.1494
  299.0000    1.0021    1.1516
  300.0000    1.0021    1.1581
  301.0000    1.0022    1.1648
  302.0000    1.0024    1.1744
  303.0000    1.0025    1.1858
  304.0000    1.0027    1.1993
  305.0000    1.0029    1.2137
  306.0000    1.0031    1.2293
  307.0000    1.0033    1.2442
  308.0000    1.0035    1.2608
  309.0000    1.0037    1.2773
  310.0000    1.0040    1.2952
  311.0000    1.0042    1.3124
  312.0000    1.0044    1.3299
  313.0000    1.0047    1.3478
  314.0000    1.0049    1.3662
  315.0000    1.0052    1.3854
  316.0000    1.0054    1.4046
  317.0000    1.0057    1.4248
  318.0000    1.0059    1.4436
  319.0000    1.0062    1.4649
  320.0000    1.0065    1.4844
  321.0000    1.0067    1.5054
  322.0000    1.0070    1.5265
  323.0000    1.0073    1.5473
  324.0000    1.0075    1.5670
  325.0000    1.0078    1.5872
  326.0000    1.0080    1.6056
  327.0000    1.0083    1.6241
  328.0000    1.0085    1.6421
  329.0000    1.0087    1.6572
  330.0000    1.0089    1.6731
  331.0000    1.0091    1.6873
  332.0000    1.0093    1.7011
  333.0000    1.0094    1.7130
  334.0000    1.0096    1.7242
  335.0000    1.0097    1.7348
  336.0000    1.0098    1.7444
  337.0000    1.0099    1.7531
  338.0000    1.0100    1.7599
  339.0000    1.0101    1.7674
  340.0000    1.0102    1.7739
  341.0000    1.0103    1.7787
  342.0000    1.0103    1.7839
  343.0000    1.0104    1.7872
  344.0000    1.0104    1.7893
  345.0000    1.0104    1.7909
  346.0000    1.0104    1.7916
  347.0000    1.0104    1.7913
  348.0000    1.0104    1.7905
  349.0000    1.0104    1.7872
  350.0000    1.0103    1.7826
  351.0000    1.0103    1.7785
  352.0000    1.0102    1.7749
  353.0000    1.0101    1.7695
  354.0000    1.0101    1.7638
  355.0000    1.0100    1.7582
  356.0000    1.0099    1.7533
  357.0000    1.0099    1.7478
  358.0000    1.0098    1.7447
  359.0000    1.0098    1.7445
  360.0000    1.0098    1.7452
  361.0000    1.0098    1.7438
  362.0000    1.0098    1.7461
  363.0000    1.0099    1.7507
  364.0000    1.0100    1.7545
  365.0000    1.0099    1.7536
  366.0000    1.0098    1.7442
  367.0000    1.0096    1.7293
  368.0000    1.0095    1.7155
  369.0000    1.0094    1.7106
  370.0000    1.0094    1.7111
  371.0000    1.0094    1.7097
  372.0000    1.0093    1.7054
  373.0000    1.0092    1.6990
  374.0000    1.0092    1.6930
  375.0000    1.0090    1.6835
  376.0000    1.0089    1.6741
  377.0000    1.0088    1.6633
  378.0000    1.0087    1.6551
  379.0000    1.0086    1.6474
  380.0000    1.0085    1.6391
  381.0000    1.0084    1.6317
  382.0000    1.0083    1.6226
  383.0000    1.0082    1.6148
  384.0000    1.0081    1.6079
  385.0000    1.0080    1.6037
  386.0000    1.0080    1.5987
  387.0000    1.0079    1.5947
  388.0000    1.0078    1.5901
  389.0000    1.0078    1.5871
  390.0000    1.0077    1.5827
  391.0000    1.0077    1.5813
  392.0000    1.0077    1.5804
  393.0000    1.0077    1.5783
  394.0000    1.0077    1.5759
  395.0000    1.0076    1.5742
  396.0000    1.0076    1.5748
  397.0000    1.0077    1.5755
  398.0000    1.0077    1.5757
  399.0000    1.0077    1.5770
  400.0000    1.0077    1.5755
  401.0000    1.0077    1.5770
  402.0000    1.0077    1.5789
  403.0000    1.0077    1.5776
  404.0000    1.0076    1.5751
  405.0000    1.0077    1.5795
  406.0000    1.0077    1.5775
  407.0000    1.0077    1.5765
  408.0000    1.0077    1.5760
  409.0000    1.0077    1.5759
  410.0000    1.0076    1.5740
  411.0000    1.0076    1.5704
  412.0000    1.0076    1.5683
  413.0000    1.0075    1.5658
  414.0000    1.0075    1.5604
  415.0000    1.0074    1.5565
  416.0000    1.0074    1.5542
  417.0000    1.0074    1.5529
  418.0000    1.0073    1.5523
  419.0000    1.0073    1.5503
  420.0000    1.0073    1.5509
  421.0000    1.0074    1.5531
  422.0000    1.0074    1.5556
  423.0000    1.0074    1.5570
  424.0000    1.0075    1.5603
  425.0000    1.0075    1.5646
  426.0000    1.0076    1.5702
  427.0000    1.0077    1.5780
  428.0000    1.0078    1.5846
  429.0000    1.0079    1.5946
  430.0000    1.0080    1.6050
  431.0000    1.0081    1.6114
  432.0000    1.0082    1.6179
  433.0000    1.0084    1.6299
  434.0000    1.0085    1.6441
  435.0000    1.0086    1.6516
  436.0000    1.0088    1.6628
  437.0000    1.0089    1.6735
  438.0000    1.0090    1.6834
  439.0000    1.0092    1.6926
  440.0000    1.0092    1.6980
  441.0000    1.0094    1.7074
  442.0000    1.0094    1.7149
  443.0000    1.0095    1.7172
  444.0000    1.0095    1.7196
  445.0000    1.0095    1.7224
  446.0000    1.0096    1.7238
  447.0000    1.0096    1.7250
  448.0000    1.0096    1.7234
  449.0000    1.0095    1.7199
  450.0000    1.0095    1.7164
  451.0000    1.0094    1.7113
  452.0000    1.0093    1.7069
  453.0000    1.0093    1.6996
  454.0000    1.0092    1.6946
  455.0000    1.0091    1.6870
  456.0000    1.0090    1.6808
  457.0000    1.0089    1.6738
  458.0000    1.0088    1.6668
  459.0000    1.0088    1.6609
  460.0000    1.0086    1.6519
  461.0000    1.0086    1.6473
  462.0000    1.0085    1.6416
  463.0000    1.0085    1.6381
  464.0000    1.0084    1.6326
  465.0000    1.0083    1.6259
  466.0000    1.0082    1.6194
  467.0000    1.0081    1.6131
  468.0000    1.0081    1.6101
  469.0000    1.0080    1.6038
  470.0000    1.0079    1.5976
  471.0000    1.0078    1.5902
  472.0000    1.0077    1.5819
  473.0000    1.0076    1.5715
  474.0000    1.0074    1.5565
  475.0000    1.0072    1.5436
  476.0000    1.0070    1.5278
  477.0000    1.0068    1.5085
  478.0000    1.0066    1.4932
  479.0000    1.0063    1.4712
  480.0000    1.0060    1.4501
  481.0000    1.0057    1.4279
  482.0000    1.0054    1.4035
  483.0000    1.0051    1.3810
  484.0000    1.0048    1.3564
  485.0000    1.0044    1.3294
  486.0000    1.0040    1.2965
  487.0000    1.0036    1.2681
  488.0000    1.0034    1.2486
  489.0000    1.0031    1.2313
  490.0000    1.0029    1.2123
  491.0000    1.0026    1.1895
  492.0000    1.0023    1.1708
  493.0000    1.0020    1.1501
  494.0000    1.0018    1.1333
  495.0000    1.0016    1.1180
  496.0000    1.0014    1.1021
  497.0000    1.0012    1.0879
  498.0000    1.0010    1.0750
  499.0000    1.0009    1.0657
  500.0000    1.0007    1.0544
  501.0000    1.0006    1.0450
  502.0000    1.0005    1.0384
  503.0000    1.0004    1.0315
  504.0000    1.0003    1.0252
  505.0000    1.0003    1.0223
  506.0000    1.0002    1.0176
  507.0000    1.0002    1.0138
  508.0000    1.0002    1.0118
  509.0000    1.0002    1.0114
  510.0000    1.0001    1.0077
  511.0000    1.0001    1.0070
  512.0000    1.0001    1.0053
  513.0000    1.0001    1.0044
  514.0000    1.0001    1.0046
  515.0000    1.0001    1.0060
  516.0000    1.0001    1.0060
  517.0000    1.0001    1.0051
  518.0000    1.0001    1.0054
  519.0000    1.0001    1.0066
  520.0000    1.0001    1.0069
  521.0000    1.0001    1.0080
  522.0000    1.0001    1.0078
  523.0000    1.0001    1.0090
  524.0000    1.0001    1.0101
  525.0000    1.0001    1.0101
  526.0000    1.0001    1.0088
  527.0000    1.0001    1.0105
  528.0000    1.0001    1.0099
  529.0000    1.0001    1.0107
  530.0000    1.0002    1.0118
  531.0000    1.0002    1.0121
  532.0000    1.0002    1.0114
  533.0000    1.0002    1.0131
  534.0000    1.0002    1.0118
  535.0000    1.0002    1.0123
  536.0000    1.0002    1.0119
  537.0000    1.0002    1.0133
  538.0000    1.0002    1.0144
  539.0000    1.0002    1.0141
  540.0000    1.0002    1.0142
  541.0000    1.0002    1.0139
  542.0000    1.0002    1.0141
  543.0000    1.0002    1.0140
  544.0000    1.0002    1.0147
  545.0000    1.0002    1.0158
  546.0000    1.0002    1.0137
  547.0000    1.0002    1.0156
  548.0000    1.0002    1.0151
  549.0000    1.0002    1.0146
  550.0000    1.0002    1.0152
  551.0000    1.0002    1.0168
  552.0000    1.0002    1.0161
  553.0000    1.0002    1.0163
  554.0000    1.0002    1.0169
  555.0000    1.0002    1.0171
  556.0000    1.0002    1.0182
  557.0000    1.0002    1.0162
  558.0000    1.0002    1.0162
  559.0000    1.0002    1.0177
  560.0000    1.0003    1.0191
  561.0000    1.0003    1.0186
  562.0000    1.0002    1.0166
  563.0000    1.0002    1.0169
  564.0000    1.0003    1.0196
  565.0000    1.0003    1.0184
  566.0000    1.0002    1.0179
  567.0000    1.0002    1.0173
  568.0000    1.0002    1.0170
  569.0000    1.0002    1.0159
  570.0000    1.0002    1.0157
  571.0000    1.0002    1.0129
  572.0000    1.0002    1.0114
  573.0000    1.0001    1.0109
  574.0000    1.0002    1.0128
  575.0000    1.0002    1.0113
  576.0000    1.0001    1.0106
  577.0000    1.0001    1.0099
  578.0000    1.0002    1.0120
  579.0000    1.0002    1.0111
  580.0000    1.0001    1.0102
  581.0000    1.0001    1.0102
  582.0000    1.0002    1.0115
  583.0000    1.0002    1.0133
  584.0000    1.0002    1.0116
  585.0000    1.0002    1.0137
  586.0000    1.0001    1.0106
  587.0000    1.0001    1.0106
  588.0000    1.0002    1.0120
  589.0000    1.0002    1.0124
  590.0000    1.0002    1.0146
  591.0000    1.0002    1.0164
  592.0000    1.0002    1.0160
  593.0000    1.0002    1.0148
  594.0000    1.0002    1.0134
  595.0000    1.0002    1.0133
  596.0000    1.0002    1.0154
  597.0000    1.0002    1.0158
  598.0000    1.0002    1.0158
  599.0000    1.0002    1.0157
  600.0000    1.0002    1.0143

c = 1.0 mg/L


    230.0000    1.0636    6.7563
  231.0000    1.0607    6.4470
  232.0000    1.0584    6.1993
  233.0000    1.0566    6.0061
  234.0000    1.0552    5.8637
  235.0000    1.0544    5.7747
  236.0000    1.0540    5.7399
  237.0000    1.0541    5.7506
  238.0000    1.0547    5.8069
  239.0000    1.0556    5.9046
  240.0000    1.0568    6.0303
  241.0000    1.0582    6.1770
  242.0000    1.0597    6.3389
  243.0000    1.0613    6.5077
  244.0000    1.0629    6.6832
  245.0000    1.0647    6.8784
  246.0000    1.0665    7.0816
  247.0000    1.0684    7.2877
  248.0000    1.0701    7.4805
  249.0000    1.0717    7.6605
  250.0000    1.0731    7.8223
  251.0000    1.0744    7.9694
  252.0000    1.0755    8.0999
  253.0000    1.0767    8.2466
  254.0000    1.0781    8.4139
  255.0000    1.0798    8.6144
  256.0000    1.0818    8.8502
  257.0000    1.0839    9.1087
  258.0000    1.0860    9.3727
  259.0000    1.0880    9.6174
  260.0000    1.0896    9.8231
  261.0000    1.0909    9.9765
  262.0000    1.0916   10.0732
  263.0000    1.0917   10.0888
  264.0000    1.0910    9.9969
  265.0000    1.0894    9.7883
  266.0000    1.0869    9.4736
  267.0000    1.0838    9.1006
  268.0000    1.0806    8.7110
  269.0000    1.0774    8.3267
  270.0000    1.0742    7.9488
  271.0000    1.0709    7.5701
  272.0000    1.0673    7.1653
  273.0000    1.0634    6.7340
  274.0000    1.0593    6.2957
  275.0000    1.0552    5.8607
  276.0000    1.0511    5.4425
  277.0000    1.0472    5.0455
  278.0000    1.0434    4.6782
  279.0000    1.0398    4.3292
  280.0000    1.0362    3.9943
  281.0000    1.0327    3.6788
  282.0000    1.0294    3.3802
  283.0000    1.0263    3.1019
  284.0000    1.0231    2.8340
  285.0000    1.0202    2.5831
  286.0000    1.0174    2.3554
  287.0000    1.0150    2.1541
  288.0000    1.0127    1.9743
  289.0000    1.0108    1.8217
  290.0000    1.0092    1.6919
  291.0000    1.0077    1.5829
  292.0000    1.0066    1.4927
  293.0000    1.0057    1.4278
  294.0000    1.0051    1.3783
  295.0000    1.0046    1.3415
  296.0000    1.0043    1.3175
  297.0000    1.0041    1.3056
  298.0000    1.0041    1.3012
  299.0000    1.0041    1.3056
  300.0000    1.0043    1.3188
  301.0000    1.0045    1.3326
  302.0000    1.0047    1.3519
  303.0000    1.0050    1.3752
  304.0000    1.0054    1.4029
  305.0000    1.0058    1.4322
  306.0000    1.0062    1.4641
  307.0000    1.0066    1.4948
  308.0000    1.0070    1.5289
  309.0000    1.0075    1.5627
  310.0000    1.0080    1.5997
  311.0000    1.0084    1.6350
  312.0000    1.0089    1.6713
  313.0000    1.0094    1.7084
  314.0000    1.0099    1.7466
  315.0000    1.0104    1.7866
  316.0000    1.0109    1.8265
  317.0000    1.0114    1.8687
  318.0000    1.0119    1.9079
  319.0000    1.0125    1.9527
  320.0000    1.0130    1.9935
  321.0000    1.0135    2.0377
  322.0000    1.0141    2.0822
  323.0000    1.0146    2.1262
  324.0000    1.0151    2.1677
  325.0000    1.0157    2.2106
  326.0000    1.0161    2.2498
  327.0000    1.0166    2.2891
  328.0000    1.0171    2.3274
  329.0000    1.0175    2.3597
  330.0000    1.0179    2.3939
  331.0000    1.0183    2.4242
  332.0000    1.0186    2.4537
  333.0000    1.0189    2.4792
  334.0000    1.0192    2.5035
  335.0000    1.0195    2.5263
  336.0000    1.0197    2.5470
  337.0000    1.0200    2.5656
  338.0000    1.0201    2.5804
  339.0000    1.0203    2.5966
  340.0000    1.0205    2.6105
  341.0000    1.0206    2.6210
  342.0000    1.0208    2.6322
  343.0000    1.0208    2.6393
  344.0000    1.0209    2.6438
  345.0000    1.0209    2.6472
  346.0000    1.0210    2.6488
  347.0000    1.0210    2.6481
  348.0000    1.0209    2.6464
  349.0000    1.0208    2.6393
  350.0000    1.0207    2.6294
  351.0000    1.0206    2.6206
  352.0000    1.0205    2.6128
  353.0000    1.0204    2.6010
  354.0000    1.0202    2.5887
  355.0000    1.0201    2.5766
  356.0000    1.0200    2.5662
  357.0000    1.0198    2.5543
  358.0000    1.0198    2.5475
  359.0000    1.0197    2.5472
  360.0000    1.0198    2.5485
  361.0000    1.0197    2.5457
  362.0000    1.0198    2.5505
  363.0000    1.0199    2.5604
  364.0000    1.0200    2.5687
  365.0000    1.0200    2.5668
  366.0000    1.0197    2.5465
  367.0000    1.0194    2.5144
  368.0000    1.0190    2.4848
  369.0000    1.0189    2.4741
  370.0000    1.0189    2.4753
  371.0000    1.0189    2.4723
  372.0000    1.0187    2.4629
  373.0000    1.0186    2.4493
  374.0000    1.0184    2.4364
  375.0000    1.0182    2.4160
  376.0000    1.0179    2.3958
  377.0000    1.0176    2.3728
  378.0000    1.0174    2.3552
  379.0000    1.0172    2.3389
  380.0000    1.0170    2.3212
  381.0000    1.0168    2.3053
  382.0000    1.0166    2.2860
  383.0000    1.0164    2.2693
  384.0000    1.0162    2.2546
  385.0000    1.0161    2.2456
  386.0000    1.0160    2.2351
  387.0000    1.0159    2.2267
  388.0000    1.0157    2.2169
  389.0000    1.0157    2.2105
  390.0000    1.0155    2.2011
  391.0000    1.0155    2.1981
  392.0000    1.0155    2.1963
  393.0000    1.0154    2.1918
  394.0000    1.0154    2.1867
  395.0000    1.0153    2.1831
  396.0000    1.0153    2.1844
  397.0000    1.0154    2.1858
  398.0000    1.0154    2.1862
  399.0000    1.0154    2.1890
  400.0000    1.0154    2.1858
  401.0000    1.0154    2.1890
  402.0000    1.0155    2.1931
  403.0000    1.0154    2.1903
  404.0000    1.0154    2.1850
  405.0000    1.0155    2.1943
  406.0000    1.0154    2.1902
  407.0000    1.0154    2.1880
  408.0000    1.0154    2.1868
  409.0000    1.0154    2.1867
  410.0000    1.0153    2.1827
  411.0000    1.0152    2.1751
  412.0000    1.0152    2.1706
  413.0000    1.0151    2.1652
  414.0000    1.0150    2.1539
  415.0000    1.0149    2.1457
  416.0000    1.0148    2.1407
  417.0000    1.0148    2.1380
  418.0000    1.0148    2.1366
  419.0000    1.0147    2.1325
  420.0000    1.0147    2.1337
  421.0000    1.0148    2.1384
  422.0000    1.0148    2.1436
  423.0000    1.0149    2.1467
  424.0000    1.0150    2.1536
  425.0000    1.0151    2.1628
  426.0000    1.0152    2.1747
  427.0000    1.0154    2.1912
  428.0000    1.0156    2.2052
  429.0000    1.0159    2.2265
  430.0000    1.0161    2.2484
  431.0000    1.0163    2.2621
  432.0000    1.0165    2.2759
  433.0000    1.0168    2.3015
  434.0000    1.0171    2.3319
  435.0000    1.0173    2.3479
  436.0000    1.0176    2.3716
  437.0000    1.0179    2.3946
  438.0000    1.0182    2.4157
  439.0000    1.0184    2.4356
  440.0000    1.0185    2.4470
  441.0000    1.0188    2.4673
  442.0000    1.0190    2.4835
  443.0000    1.0190    2.4883
  444.0000    1.0191    2.4934
  445.0000    1.0192    2.4996
  446.0000    1.0192    2.5025
  447.0000    1.0192    2.5052
  448.0000    1.0192    2.5016
  449.0000    1.0191    2.4941
  450.0000    1.0190    2.4866
  451.0000    1.0189    2.4756
  452.0000    1.0188    2.4663
  453.0000    1.0186    2.4505
  454.0000    1.0185    2.4398
  455.0000    1.0183    2.4235
  456.0000    1.0181    2.4102
  457.0000    1.0179    2.3953
  458.0000    1.0177    2.3803
  459.0000    1.0176    2.3676
  460.0000    1.0174    2.3485
  461.0000    1.0172    2.3387
  462.0000    1.0171    2.3265
  463.0000    1.0170    2.3189
  464.0000    1.0168    2.3072
  465.0000    1.0167    2.2930
  466.0000    1.0165    2.2791
  467.0000    1.0163    2.2658
  468.0000    1.0163    2.2594
  469.0000    1.0161    2.2459
  470.0000    1.0159    2.2327
  471.0000    1.0157    2.2170
  472.0000    1.0155    2.1995
  473.0000    1.0153    2.1773
  474.0000    1.0149    2.1456
  475.0000    1.0145    2.1183
  476.0000    1.0141    2.0850
  477.0000    1.0136    2.0443
  478.0000    1.0132    2.0120
  479.0000    1.0126    1.9657
  480.0000    1.0121    1.9217
  481.0000    1.0115    1.8751
  482.0000    1.0108    1.8242
  483.0000    1.0102    1.7773
  484.0000    1.0096    1.7262
  485.0000    1.0089    1.6702
  486.0000    1.0080    1.6023
  487.0000    1.0072    1.5439
  488.0000    1.0067    1.5038
  489.0000    1.0063    1.4684
  490.0000    1.0057    1.4293
  491.0000    1.0051    1.3828
  492.0000    1.0046    1.3446
  493.0000    1.0041    1.3027
  494.0000    1.0036    1.2685
  495.0000    1.0032    1.2375
  496.0000    1.0028    1.2052
  497.0000    1.0024    1.1765
  498.0000    1.0020    1.1506
  499.0000    1.0018    1.1318
  500.0000    1.0015    1.1091
  501.0000    1.0012    1.0902
  502.0000    1.0010    1.0769
  503.0000    1.0009    1.0632
  504.0000    1.0007    1.0505
  505.0000    1.0006    1.0446
  506.0000    1.0005    1.0352
  507.0000    1.0004    1.0275
  508.0000    1.0003    1.0237
  509.0000    1.0003    1.0229
  510.0000    1.0002    1.0153
  511.0000    1.0002    1.0140
  512.0000    1.0001    1.0105
  513.0000    1.0001    1.0088
  514.0000    1.0001    1.0092
  515.0000    1.0002    1.0121
  516.0000    1.0002    1.0121
  517.0000    1.0001    1.0102
  518.0000    1.0001    1.0107
  519.0000    1.0002    1.0132
  520.0000    1.0002    1.0139
  521.0000    1.0002    1.0161
  522.0000    1.0002    1.0155
  523.0000    1.0002    1.0180
  524.0000    1.0003    1.0203
  525.0000    1.0003    1.0202
  526.0000    1.0002    1.0176
  527.0000    1.0003    1.0210
  528.0000    1.0003    1.0199
  529.0000    1.0003    1.0213
  530.0000    1.0003    1.0237
  531.0000    1.0003    1.0242
  532.0000    1.0003    1.0228
  533.0000    1.0004    1.0262
  534.0000    1.0003    1.0235
  535.0000    1.0003    1.0246
  536.0000    1.0003    1.0238
  537.0000    1.0004    1.0265
  538.0000    1.0004    1.0289
  539.0000    1.0004    1.0283
  540.0000    1.0004    1.0284
  541.0000    1.0004    1.0279
  542.0000    1.0004    1.0282
  543.0000    1.0004    1.0281
  544.0000    1.0004    1.0293
  545.0000    1.0004    1.0315
  546.0000    1.0004    1.0274
  547.0000    1.0004    1.0313
  548.0000    1.0004    1.0302
  549.0000    1.0004    1.0292
  550.0000    1.0004    1.0303
  551.0000    1.0005    1.0335
  552.0000    1.0004    1.0323
  553.0000    1.0004    1.0325
  554.0000    1.0005    1.0339
  555.0000    1.0005    1.0342
  556.0000    1.0005    1.0364
  557.0000    1.0004    1.0323
  558.0000    1.0004    1.0323
  559.0000    1.0005    1.0354
  560.0000    1.0005    1.0383
  561.0000    1.0005    1.0372
  562.0000    1.0005    1.0333
  563.0000    1.0005    1.0338
  564.0000    1.0005    1.0393
  565.0000    1.0005    1.0369
  566.0000    1.0005    1.0358
  567.0000    1.0005    1.0346
  568.0000    1.0005    1.0340
  569.0000    1.0004    1.0319
  570.0000    1.0004    1.0314
  571.0000    1.0004    1.0259
  572.0000    1.0003    1.0229
  573.0000    1.0003    1.0219
  574.0000    1.0004    1.0257
  575.0000    1.0003    1.0225
  576.0000    1.0003    1.0213
  577.0000    1.0003    1.0198
  578.0000    1.0003    1.0240
  579.0000    1.0003    1.0223
  580.0000    1.0003    1.0203
  581.0000    1.0003    1.0203
  582.0000    1.0003    1.0231
  583.0000    1.0004    1.0266
  584.0000    1.0003    1.0232
  585.0000    1.0004    1.0274
  586.0000    1.0003    1.0213
  587.0000    1.0003    1.0212
  588.0000    1.0003    1.0240
  589.0000    1.0003    1.0248
  590.0000    1.0004    1.0293
  591.0000    1.0004    1.0328
  592.0000    1.0004    1.0320
  593.0000    1.0004    1.0296
  594.0000    1.0004    1.0269
  595.0000    1.0004    1.0265
  596.0000    1.0004    1.0309
  597.0000    1.0004    1.0317
  598.0000    1.0004    1.0315
  599.0000    1.0004    1.0313
  600.0000    1.0004    1.0287

c = 5.0 mg/L

  230.0000    1.3610   79.0936
  231.0000    1.3429   71.6513
  232.0000    1.3282   66.0197
  233.0000    1.3168   61.8232
  234.0000    1.3083   58.8371
  235.0000    1.3030   57.0170
  236.0000    1.3009   56.3156
  237.0000    1.3015   56.5311
  238.0000    1.3049   57.6720
  239.0000    1.3107   59.6852
  240.0000    1.3182   62.3388
  241.0000    1.3269   65.5256
  242.0000    1.3365   69.1583
  243.0000    1.3464   73.0758
  244.0000    1.3568   77.2942
  245.0000    1.3682   82.1621
  246.0000    1.3800   87.4328
  247.0000    1.3920   92.9932
  248.0000    1.4032   98.3973
  249.0000    1.4136  103.6224
  250.0000    1.4229  108.4707
  251.0000    1.4313  113.0033
  252.0000    1.4388  117.1302
  253.0000    1.4472  121.8837
  254.0000    1.4568  127.4578
  255.0000    1.4681  134.3564
  256.0000    1.4815  142.7815
  257.0000    1.4961  152.4188
  258.0000    1.5109  162.6968
  259.0000    1.5246  172.6356
  260.0000    1.5361  181.2982
  261.0000    1.5447  187.9504
  262.0000    1.5500  192.2243
  263.0000    1.5509  192.9202
  264.0000    1.5458  188.8439
  265.0000    1.5342  179.8124
  266.0000    1.5166  166.7465
  267.0000    1.4956  152.1096
  268.0000    1.4736  137.7662
  269.0000    1.4518  124.5309
  270.0000    1.4302  112.3622
  271.0000    1.4084  100.9764
  272.0000    1.3849   89.6650
  273.0000    1.3597   78.5433
  274.0000    1.3339   68.1757
  275.0000    1.3081   58.7769
  276.0000    1.2831   50.5286
  277.0000    1.2591   43.3794
  278.0000    1.2367   37.3241
  279.0000    1.2152   32.0479
  280.0000    1.1945   27.3984
  281.0000    1.1748   23.3731
  282.0000    1.1560   19.8672
  283.0000    1.1383   16.8544
  284.0000    1.1212   14.1751
  285.0000    1.1050   11.8548
  286.0000    1.0903    9.9022
  287.0000    1.0771    8.2930
  288.0000    1.0653    6.9451
  289.0000    1.0552    5.8650
  290.0000    1.0466    4.9917
  291.0000    1.0393    4.2896
  292.0000    1.0333    3.7298
  293.0000    1.0290    3.3391
  294.0000    1.0256    3.0477
  295.0000    1.0231    2.8344
  296.0000    1.0215    2.6968
  297.0000    1.0207    2.6292
  298.0000    1.0204    2.6043
  299.0000    1.0207    2.6292
  300.0000    1.0216    2.7043
  301.0000    1.0225    2.7831
  302.0000    1.0239    2.8946
  303.0000    1.0254    3.0295
  304.0000    1.0273    3.1917
  305.0000    1.0293    3.3656
  306.0000    1.0314    3.5564
  307.0000    1.0334    3.7427
  308.0000    1.0357    3.9524
  309.0000    1.0380    4.1625
  310.0000    1.0405    4.3958
  311.0000    1.0428    4.6218
  312.0000    1.0452    4.8567
  313.0000    1.0477    5.1003
  314.0000    1.0502    5.3544
  315.0000    1.0529    5.6246
  316.0000    1.0555    5.8977
  317.0000    1.0583    6.1910
  318.0000    1.0609    6.4681
  319.0000    1.0639    6.7881
  320.0000    1.0666    7.0846
  321.0000    1.0695    7.4105
  322.0000    1.0724    7.7442
  323.0000    1.0753    8.0782
  324.0000    1.0780    8.3988
  325.0000    1.0808    8.7342
  326.0000    1.0834    9.0446
  327.0000    1.0860    9.3609
  328.0000    1.0884    9.6725
  329.0000    1.0906    9.9383
  330.0000    1.0928   10.2226
  331.0000    1.0947   10.4774
  332.0000    1.0967   10.7283
  333.0000    1.0983   10.9469
  334.0000    1.0999   11.1564
  335.0000    1.1014   11.3547
  336.0000    1.1027   11.5357
  337.0000    1.1039   11.7001
  338.0000    1.1049   11.8313
  339.0000    1.1059   11.9755
  340.0000    1.1068   12.0997
  341.0000    1.1075   12.1939
  342.0000    1.1082   12.2955
  343.0000    1.1087   12.3596
  344.0000    1.1090   12.4002
  345.0000    1.1092   12.4310
  346.0000    1.1093   12.4456
  347.0000    1.1092   12.4387
  348.0000    1.1091   12.4234
  349.0000    1.1087   12.3596
  350.0000    1.1080   12.2695
  351.0000    1.1075   12.1902
  352.0000    1.1070   12.1206
  353.0000    1.1062   12.0151
  354.0000    1.1054   11.9047
  355.0000    1.1046   11.7975
  356.0000    1.1040   11.7050
  357.0000    1.1032   11.6005
  358.0000    1.1027   11.5402
  359.0000    1.1027   11.5375
  360.0000    1.1028   11.5494
  361.0000    1.1026   11.5245
  362.0000    1.1029   11.5671
  363.0000    1.1036   11.6545
  364.0000    1.1041   11.7272
  365.0000    1.1040   11.7104
  366.0000    1.1027   11.5319
  367.0000    1.1006   11.2513
  368.0000    1.0987   10.9948
  369.0000    1.0980   10.9028
  370.0000    1.0981   10.9129
  371.0000    1.0979   10.8876
  372.0000    1.0973   10.8068
  373.0000    1.0964   10.6907
  374.0000    1.0955   10.5806
  375.0000    1.0942   10.4087
  376.0000    1.0929   10.2391
  377.0000    1.0914   10.0467
  378.0000    1.0903    9.9013
  379.0000    1.0892    9.7665
  380.0000    1.0880    9.6216
  381.0000    1.0870    9.4921
  382.0000    1.0858    9.3358
  383.0000    1.0847    9.2008
  384.0000    1.0837    9.0830
  385.0000    1.0831    9.0117
  386.0000    1.0824    8.9277
  387.0000    1.0819    8.8610
  388.0000    1.0812    8.7834
  389.0000    1.0808    8.7333
  390.0000    1.0802    8.6594
  391.0000    1.0800    8.6361
  392.0000    1.0799    8.6216
  393.0000    1.0796    8.5864
  394.0000    1.0793    8.5466
  395.0000    1.0790    8.5187
  396.0000    1.0791    8.5283
  397.0000    1.0792    8.5394
  398.0000    1.0792    8.5425
  399.0000    1.0794    8.5641
  400.0000    1.0792    8.5394
  401.0000    1.0794    8.5641
  402.0000    1.0797    8.5969
  403.0000    1.0795    8.5746
  404.0000    1.0791    8.5331
  405.0000    1.0798    8.6056
  406.0000    1.0795    8.5737
  407.0000    1.0793    8.5569
  408.0000    1.0793    8.5473
  409.0000    1.0793    8.5466
  410.0000    1.0790    8.5154
  411.0000    1.0785    8.4558
  412.0000    1.0782    8.4209
  413.0000    1.0779    8.3791
  414.0000    1.0771    8.2915
  415.0000    1.0766    8.2279
  416.0000    1.0762    8.1896
  417.0000    1.0761    8.1693
  418.0000    1.0760    8.1584
  419.0000    1.0757    8.1264
  420.0000    1.0758    8.1357
  421.0000    1.0761    8.1716
  422.0000    1.0764    8.2123
  423.0000    1.0766    8.2359
  424.0000    1.0771    8.2892
  425.0000    1.0777    8.3601
  426.0000    1.0785    8.4528
  427.0000    1.0796    8.5816
  428.0000    1.0805    8.6915
  429.0000    1.0819    8.8594
  430.0000    1.0833    9.0338
  431.0000    1.0842    9.1430
  432.0000    1.0851    9.2538
  433.0000    1.0868    9.4610
  434.0000    1.0887    9.7089
  435.0000    1.0898    9.8407
  436.0000    1.0913   10.0372
  437.0000    1.0928   10.2286
  438.0000    1.0942   10.4061
  439.0000    1.0955   10.5745
  440.0000    1.0962   10.6712
  441.0000    1.0975   10.8445
  442.0000    1.0986   10.9832
  443.0000    1.0989   11.0247
  444.0000    1.0992   11.0691
  445.0000    1.0996   11.1226
  446.0000    1.0998   11.1482
  447.0000    1.1000   11.1708
  448.0000    1.0998   11.1399
  449.0000    1.0993   11.0753
  450.0000    1.0988   11.0102
  451.0000    1.0981   10.9156
  452.0000    1.0975   10.8355
  453.0000    1.0965   10.7007
  454.0000    1.0958   10.6100
  455.0000    1.0947   10.4721
  456.0000    1.0938   10.3596
  457.0000    1.0929   10.2347
  458.0000    1.0919   10.1088
  459.0000    1.0911   10.0035
  460.0000    1.0898    9.8458
  461.0000    1.0892    9.7649
  462.0000    1.0884    9.6648
  463.0000    1.0879    9.6031
  464.0000    1.0871    9.5071
  465.0000    1.0862    9.3926
  466.0000    1.0853    9.2801
  467.0000    1.0844    9.1728
  468.0000    1.0840    9.1216
  469.0000    1.0831    9.0141
  470.0000    1.0823    8.9090
  471.0000    1.0812    8.7841
  472.0000    1.0801    8.6464
  473.0000    1.0786    8.4734
  474.0000    1.0766    8.2273
  475.0000    1.0748    8.0177
  476.0000    1.0726    7.7648
  477.0000    1.0699    7.4598
  478.0000    1.0678    7.2208
  479.0000    1.0647    6.8828
  480.0000    1.0618    6.5658
  481.0000    1.0588    6.2361
  482.0000    1.0554    5.8821
  483.0000    1.0523    5.5618
  484.0000    1.0489    5.2186
  485.0000    1.0452    4.8497
  486.0000    1.0406    4.4123
  487.0000    1.0367    4.0451
  488.0000    1.0341    3.7981
  489.0000    1.0317    3.5823
  490.0000    1.0291    3.3481
  491.0000    1.0259    3.0741
  492.0000    1.0234    2.8523
  493.0000    1.0205    2.6127
  494.0000    1.0182    2.4203
  495.0000    1.0161    2.2486
  496.0000    1.0139    2.0715
  497.0000    1.0120    1.9162
  498.0000    1.0102    1.7774
  499.0000    1.0090    1.6777
  500.0000    1.0074    1.5584
  501.0000    1.0061    1.4599
  502.0000    1.0052    1.3907
  503.0000    1.0043    1.3201
  504.0000    1.0034    1.2551
  505.0000    1.0030    1.2253
  506.0000    1.0024    1.1772
  507.0000    1.0019    1.1384
  508.0000    1.0016    1.1191
  509.0000    1.0016    1.1150
  510.0000    1.0010    1.0770
  511.0000    1.0010    1.0701
  512.0000    1.0007    1.0528
  513.0000    1.0006    1.0441
  514.0000    1.0006    1.0459
  515.0000    1.0008    1.0605
  516.0000    1.0008    1.0605
  517.0000    1.0007    1.0509
  518.0000    1.0007    1.0537
  519.0000    1.0009    1.0660
  520.0000    1.0009    1.0697
  521.0000    1.0011    1.0806
  522.0000    1.0011    1.0779
  523.0000    1.0012    1.0902
  524.0000    1.0014    1.1017
  525.0000    1.0014    1.1012
  526.0000    1.0012    1.0884
  527.0000    1.0014    1.1054
  528.0000    1.0014    1.0999
  529.0000    1.0015    1.1072
  530.0000    1.0016    1.1191
  531.0000    1.0016    1.1214
  532.0000    1.0016    1.1145
  533.0000    1.0018    1.1315
  534.0000    1.0016    1.1182
  535.0000    1.0017    1.1237
  536.0000    1.0016    1.1196
  537.0000    1.0018    1.1334
  538.0000    1.0020    1.1453
  539.0000    1.0019    1.1421
  540.0000    1.0019    1.1430
  541.0000    1.0019    1.1403
  542.0000    1.0019    1.1417
  543.0000    1.0019    1.1412
  544.0000    1.0020    1.1476
  545.0000    1.0021    1.1587
  546.0000    1.0019    1.1380
  547.0000    1.0021    1.1573
  548.0000    1.0021    1.1518
  549.0000    1.0020    1.1467
  550.0000    1.0021    1.1527
  551.0000    1.0023    1.1689
  552.0000    1.0022    1.1624
  553.0000    1.0022    1.1638
  554.0000    1.0023    1.1707
  555.0000    1.0023    1.1721
  556.0000    1.0025    1.1832
  557.0000    1.0022    1.1629
  558.0000    1.0022    1.1629
  559.0000    1.0024    1.1781
  560.0000    1.0026    1.1929
  561.0000    1.0025    1.1873
  562.0000    1.0023    1.1675
  563.0000    1.0023    1.1702
  564.0000    1.0027    1.1980
  565.0000    1.0025    1.1860
  566.0000    1.0024    1.1804
  567.0000    1.0024    1.1744
  568.0000    1.0023    1.1712
  569.0000    1.0022    1.1606
  570.0000    1.0021    1.1582
  571.0000    1.0018    1.1302
  572.0000    1.0016    1.1150
  573.0000    1.0015    1.1099
  574.0000    1.0018    1.1292
  575.0000    1.0015    1.1132
  576.0000    1.0014    1.1067
  577.0000    1.0013    1.0994
  578.0000    1.0016    1.1205
  579.0000    1.0015    1.1118
  580.0000    1.0014    1.1022
  581.0000    1.0014    1.1022
  582.0000    1.0016    1.1159
  583.0000    1.0018    1.1338
  584.0000    1.0016    1.1164
  585.0000    1.0019    1.1380
  586.0000    1.0014    1.1067
  587.0000    1.0014    1.1063
  588.0000    1.0016    1.1205
  589.0000    1.0017    1.1246
  590.0000    1.0020    1.1472
  591.0000    1.0022    1.1652
  592.0000    1.0022    1.1610
  593.0000    1.0020    1.1490
  594.0000    1.0018    1.1352
  595.0000    1.0018    1.1334
  596.0000    1.0021    1.1555
  597.0000    1.0022    1.1596
  598.0000    1.0021    1.1587
  599.0000    1.0021    1.1578
  600.0000    1.0020    1.1444